258861401833
258861402451
258861402690
258861403007
258861403774
258861403776
258861403955
258861404548
258861406326
258861406990
258861409519
258861409900
258861409945
258861410442
258861410921
258861412626
258861415189
258861416572
258861417114
258861417711
258861418574
258861419322
258861420600
258861422778
258861425707
258861426353
258861426470
258861427147
258861428739
258861429253
258861429651
258861429848
258861430259
258861431311
258861431620
258861432265
258861432889
258861434295
258861435683
258861437142
258861438725
258861440652
258861441603
258861441688
258861442473
258861442481
258861442494
258861442559
258861442738
258861442879
258861445027
258861445184
258861445977
258861446728
258861448206
258861448275
258861448867
258861449053
258861449831
258861450976
258861451000
258861451634
258861452601
258861453829
258861454145
258861454315
258861454644
258861455597
258861456041
258861457565
258861457817
258861458215
258861458373
258861461536
258861463167
258861463470
258861464936
258861466391
258861466657
258861466941
258861470055
258861470565
258861471128
258861471789
258861472074
258861473597
258861477257
258861477792
258861477981
258861478177
258861479383
258861480296
258861481224
258861481287
258861482632
258861484812
258861485256
258861485997
258861487929
258861489650
258861490483
258861490859
258861491089
258861491331
258861491836
258861492478
258861492555
258861492901
258861494969
258861497117
258861497607
258861497917
258861499889
258861501395
258861503907
258861506851
258861507490
258861507714
258861507770
258861508413
258861509479
258861509481
258861510848
258861511363
258861512754
258861513040
258861514232
258861514896
258861516784
258861519881
258861520640
258861521272
258861521296
258861524303
258861525175
258861526027
258861526975
258861527416
258861527451
258861527515
258861529921
258861530633
258861530783
258861530810
258861532107
258861610816
258861682870
258861751709
258861952634
258862060597
258862449000
258862958993
258862964317
258863072900
258863111926
258863183728
258863371225
258863373429
258863374865
258863375742
258863377071
258863379559
258863380468
258863382149
258863382287
258863382519
258863382618
258863383833
258863384521
258863384829
258863385088
258863385357
258863385512
258863387837
258863388038
258863388221
258863388965
258863388982
258863389475
258863390035
258863391647
258863392430
258863393088
258863394136
258863395033
258863395457
258863395769
258863396045
258863396219
258863396519
258863397366
258863397446
258863397695
258863398154
258863398530
258863399883
258863400273
258863400523
258863400826
258863401392
258863401681
258863403417
258863403674
258863403813
258863404068
258863405415
258863493477
258863678873
258863689450
258863753966
258864080897
258864265476
258864312502
258864437048
258864822160
258864846690
258864849693
258864849866
258864849965
258864853347
258864856220
258864857412
258864857566
258864858497
258864858861
258864859268
258864861133
258864862238
258864866042
258864868099
258864869436
258864873470
258864874368
258864875299
258864881218
258864881483
258864882741
258864885701
258864887771
258864889780
258864890403
258864890806
258864893898
258864897976
258864899176
258864902062
258864903485
258864906428
258864907948
258864908604
258864909943
258864910493
258864910697
258864913723
258864914001
258864916418
258864921714
258864921806
258864922148
258864923114
258864924180
258864929275
258864930355
258864937486
258864940169
258865529207
258865606059
258865724179
258865859343
258866671468
258866699830
258866790138
258866905865
258866909236
258866910615
258866911469
258866913094
258866914973
258866923457
258866924216
258866927219
258866927498
258866928036
258866930047
258866930948
258866931175
258866931790
258866931900
258866933980
258866935289
258866936427
258866944175
258866948575
258866949415
258866949956
258866952237
258866956311
258866956424
258866959892
258866962238
258866963732
258866965411
258866967305
258866967681
258866967868
258866969127
258866969281
258866969359
258866969481
258866970609
258866970803
258866972818
258866973069
258866974220
258866975241
258866978978
258866979005
258866980459
258866980936
258866992064
258866994708
258867000614
258867005861
258867360585
258867429864
258867784456
258867987631
258868065775
258868319666
258868933289
258868967636
258868999078
258869175021
258869344166
258869541421
258869771378
258869865220
258869935469
258870077933
258870581861
258870634397
258870703863
258870786175
258871028007
258871199336
258871312485
258871421078
258871774396
258871901510
258872163313
258872171299
258872283281
258872387482
258872432456
258872989008
258873099199
258873123112
258873307625
258873427642
258873548298
258873764979
258874107221
258874201607
258874455655
258874784637
258874992435
258875046205
258875052887
258875054649
258875124501
258875535652
258875999340
258876325760
258876583759
258876683098
258876759708
258876866200
258877077900
258877102181
258877192275
258877621879
258877789511
258878429434
258878445117
258879348970
258879364610
258879577552