# Updated: 2026-05-02 23:47:17.890482
966580085694
966580085782
966580085828
966580092465
966580092590
966580092669
966580096527
966580097305
966580102839
966580106110
966580106279
966580106349
966580106941
966580106970
966580106980
966580108597
966580109175
966580109263
966580109484
966580109948
966580119129
966580124526
966580126126
966580126265
966580126410
966580126608
966580126697
966580126730
966580127351
966580924995
966580929381
966580931221
966580958348
966580958631
966580967184
966580980755
966580981068
966580981752
966580985039
966580985454
966580985634
966580985806
966580985842
966580985997
966580992656
966580992733
966580998137
966580998268
966580998324
966580998377
966580998498
966580998529
966580998567
966581001412
966581001993
966581005651
966581008488
966581008791
966581026289
966581031053
966581034020
966581040641
966581044863
966581045293
966581047614
966581055883
966581059262
966581062138
966581069210
966581069430
966581069455
966581070128
966581070340
966581070713
966581070803
966581072943
966581078991
966581092965
966581093657
966581093690
966581096261
966581097864
966581102393
966581107154
966581109204
966581109318
966581109554
966581109716
966581109834
966581109924
966581143467
966581920855
966581920950
966581942336
966581949010
966581949235
966581949289
966581949936
966581952283
966581953515
966581966950
966581968274
966581968385
966581968462
966581968956
966581978524
966581979045
966581979283
966581979385
966581979419
966581979801
966581980973
966582006734
966582020753
966582022559
966582029383
966582036135
966582036358
966582036390
966582036596
966582036708
966582036822
966582045926
966582053600
966582056015
966582056040
966582056096
966582056165
966582056273
966582056871
966582056898
966582057084
966582064015
966582064251
966582064316
966582064385
966582064707
966582073277
966582077518
966582081015
966582081038
966582081340
966582081697
966582081711
966582096804
966582103767
966582111143
966582113516
966582120050
966582120194
966582121962
966582125745
966582126595
966582129353
966582130075
966582130706
966582130759
966582145061
966582149378
966582155045
966582155657
966582155705
966582155767
966582171013
966582171141
966582171927
966582172412
966582172582
966582172761
966582172864
966582172964
966582173197
966582175041
966582175290
966582175870
966582179284
966582183011
966582215898
966582216087
966582468151
966582468799
966582471554
966582472279
966582472317
966582472485
966582472534
966582472591
966582472734
966582472825
966582472995
966582481374
966582491112
966582491580
966582491768
966582500219
966582504243
966582508836
966582513651
966582515979
966582516932
966582523209
966582549472
966582560756
966582560986
966582566184
966582566275
966582566405
966582566608
966582566728
966582566924
966582732909
966582735362
966582740117
966582740189
966582740381
966582740542
966582745562
966582766634
966582766965
966582769412
966582769482
966582780545
966582791465
966582793528
966582802414
966582809068
966582809312
966582809585
966582809733
966582809769
966582809901
966582822157
966582822432
966582822603
966582822760
966582822942
966582828346
966582828585
966582828630
966582830771
966582834131
966582847114
966582850247
966582860068
966582860087
966582860481
966582860806
966582860959
966582868120
966582868471
966582868805
966582868965
966582878992
966582880195
966582884333
966582884402
966582884638
966582884843
966582884977
966582898063
966582898452
966582916357
966582924506
966582927030
966582927067
966582927427
966582927450
966582927736
966582984558
966582984730
966582984971
966582991117
966582991220
966582991428
966582991808
966582994073
966582994133
966582994708
966582999062
966582999080
966582999138
966582999210
966582999922
966582999975
966583001742
966583001833
966583001854
966583001921
966583003330
966583003351
966583003979
966583009002
966583009043
966583009130
966583009814
966583009906
966583023192
966583023699
966583023763
966583023950
966583023992
966583040957
966583060130
966583064139
966583065139
966583069215
966583073059
966583073256
966583073514
966583073715
966583086445
966583096259
966583113201
966583113391
966583113524
966583116572
966583142768
966583142991
966583143859
966583206713
966583208385
966583213445
966583213467
966583227603
966583232642
966583238019
966583239582
966583239683
966583246470
966583255086
966583265498
966583277054
966583277122
966583277295
966583284413
966583285375
966583310616
966583310761
966583313013
966583313111
966583313373
966583313427
966583313717
966583313770
966583313799
966583316018
966583316381
966583316801
966583319491
966583333023
966583333347
966583333669
966583333928
966583339083
966583339784
966583339810
966583340841
966583342653
966583348164
966583353000
966583353630
966583353730
966583358119
966583358319
966583358725
966583361827
966583404192
966583404228
966583404278
966583404337
966583404359
966583404383
966583404673
966583404885
966583406165
966583406524
966595279632
966595302902
966595322310
966595324929
966595328643
966595335712
966595337478
966595360323
966595384125
966595413816
966595417488
966595434865
966596434621
966596456812
966596462455
966596463263
966596468030
966596493150
966596516335
966596517538
966596539344
966596540429
966596555540
966596556719
966596570073
966596586762
966596608326
966596626482
966596632976
966596711896
966596714253
966596727510
966596739416
966596763252
966596768027
966597677525
966597679006
966597705302
966597706793
966597725349
966597729823
966597731305
966597778838
966597796869
966597804731
966597817561
966597830075
966597835075
966597840490
966597859971
966597863140
966597871359
966597889854
966597896990
966597921926
966597928915
966597933297
966597945710
966597968337
966597974696
966597978176
966597984690
966597989364
966597993839
966598021476
966598022077
966598033329
966598041438
966598048432
966598067206
966598068277
966598084038
966598084597
966598103057
966598115447
966598135747
966598149424
966598206019
966598212797
966598215263
966598224983
966598227139
966598248547
966598250420
966598252466
966598259986
966598271404
966598272673
966598273160
966598290435
966598310799
966598327533
966598340906
966598346527
966598347179
966598348733
966598368381
966598377551
966598379252
966598382960
966598387021
966598415109
966598445785
966598462039
966598463754
966598466153
966598491578
966598501541
966598507190
966598548917
966598564590
966598623287
966598645693
966598693174
966598714526
966598718708
966598767966
966598787446
966598816541
966598892972
966598900281
966598963553
966598991233
966599000846

